Posiciones Frame=1
   40.0000   47.5000
   40.0000   45.0000
   39.5000   40.5000
         0         0
         0         0
         0         0
Posiciones Frame=2
   39.6000   46.2000
   39.5000   40.5000
   39.5000   40.5000
         0         0
         0         0
         0         0
Posiciones Frame=3
   39.0000   45.0000
   39.5000   40.5000
   39.5000   40.5000
         0         0
         0         0
         0         0
Posiciones Frame=4
   39.0000   43.0000
   39.5000   40.5000
   39.5000   40.5000
         0         0
         0         0
         0         0
Posiciones Frame=5
   39.3333   41.3333
   39.5000   40.5000
   39.5000   40.5000
         0         0
         0         0
         0         0
Posiciones Frame=6
   38.5000   41.0000
   39.5000   40.5000
   39.5000   40.5000
         0         0
         0         0
         0         0
Posiciones Frame=7
   39.5000   40.5000
   38.5000   40.0000
   39.5000   40.5000
         0         0
         0         0
         0         0
Posiciones Frame=8
   38.0000   39.0000
   39.5000   40.5000
   39.5000   40.5000
         0         0
         0         0
         0         0
Posiciones Frame=9
   37.0000   38.0000
   39.0000   39.0000
   39.5000   40.5000
         0         0
         0         0
         0         0
Posiciones Frame=10
   37.0000   36.5000
   39.0000   39.0000
   39.5000   40.5000
         0         0
         0         0
         0         0
Posiciones Frame=11
   36.6667   35.3333
   39.5000   40.5000
   39.5000   40.5000
         0         0
         0         0
         0         0
Posiciones Frame=12
   36.5000   34.5000
   38.5000   38.5000
   39.5000   40.5000
         0         0
         0         0
         0         0
Posiciones Frame=13
   35.5000   32.5000
   37.0000   35.0000
   38.6667   38.3333
   39.5000   40.5000
         0         0
         0         0
Posiciones Frame=14
   35.1250   31.1250
   36.5000   34.0000
   38.3333   38.3333
   39.5000   40.5000
         0         0
         0         0
Posiciones Frame=15
   34.6667   29.6667
   38.5000   38.0000
   39.5000   40.5000
   39.5000   40.5000
         0         0
         0         0
Posiciones Frame=16
   34.5000   28.5000
   35.6667   32.3333
   38.3333   37.6667
   39.5000   40.5000
         0         0
         0         0
Posiciones Frame=17
   33.6667   27.3333
   35.6667   31.3333
   38.0000   37.5000
   39.5000   40.5000
         0         0
         0         0
Posiciones Frame=18
   33.3333   26.3333
   35.5000   30.5000
   37.6667   37.6667
   39.5000   40.5000
         0         0
         0         0
Posiciones Frame=19
   33.3333   24.6667
   35.0000   30.0000
   37.6667   37.3333
   39.5000   40.5000
         0         0
         0         0
Posiciones Frame=20
   32.6667   23.6667
   34.5000   29.0000
   37.6667   37.3333
   39.5000   40.5000
         0         0
         0         0
Posiciones Frame=21
   32.3333   22.3333
   34.5000   28.0000
   37.6667   37.3333
   39.5000   40.5000
         0         0
         0         0
Posiciones Frame=22
   32.0000   21.0000
   34.0000   27.0000
   37.6667   36.6667
   39.5000   40.5000
         0         0
         0         0
Posiciones Frame=23
   31.6667   19.6667
   34.0000   26.5000
   37.3333   36.3333
   39.5000   40.5000
         0         0
         0         0
Posiciones Frame=24
   31.3333   18.3333
   33.5000   26.0000
   37.3333   36.3333
   39.5000   40.5000
         0         0
         0         0
Posiciones Frame=25
   31.0000   17.0000
   33.5000   25.0000
   37.3333   36.3333
   39.5000   40.5000
         0         0
         0         0
Posiciones Frame=26
   30.6667   15.6667
   33.5000   24.0000
   37.0000   36.0000
   39.5000   40.5000
         0         0
         0         0
Posiciones Frame=27
   30.3333   14.6667
   32.5000   23.0000
   36.6667   35.6667
   39.5000   40.5000
         0         0
         0         0
Posiciones Frame=28
   30.0000   13.0000
   32.6667   22.3333
   36.6667   35.6667
   39.5000   40.5000
         0         0
         0         0
Posiciones Frame=29
   29.3333   11.3333
   32.3333   21.6667
   36.6667   35.6667
   39.5000   40.5000
         0         0
         0         0
Posiciones Frame=30
   29.0000   10.0000
   36.3333   35.3333
   39.5000   40.5000
   39.5000   40.5000
         0         0
         0         0
