
Posiciones Frame=1
   41.0000   40.0000
   39.5000   40.5000
         0         0
         0         0
         0         0
         0         0
Posiciones Frame=2
   39.5000   42.0000
   39.5000   40.5000
         0         0
         0         0
         0         0
         0         0
Posiciones Frame=3
   38.6667   42.3333
   39.5000   40.5000
         0         0
         0         0
         0         0
         0         0
Posiciones Frame=4
   38.3333   42.3333
   39.5000   40.5000
         0         0
         0         0
         0         0
         0         0
Posiciones Frame=5
   37.6667   43.6667
   39.5000   40.5000
         0         0
         0         0
         0         0
         0         0
Posiciones Frame=6
   36.6667   44.6667
   39.5000   40.5000
         0         0
         0         0
         0         0
         0         0
Posiciones Frame=7
   36.3333   45.3333
   39.5000   40.5000
         0         0
         0         0
         0         0
         0         0
Posiciones Frame=8
   35.6667   45.6667
   39.5000   40.5000
         0         0
         0         0
         0         0
         0         0
Posiciones Frame=9
   34.6667   46.6667
   39.5000   40.5000
         0         0
         0         0
         0         0
         0         0
Posiciones Frame=10
   34.3333   47.3333
   39.5000   40.5000
         0         0
         0         0
         0         0
         0         0
Posiciones Frame=11
   33.3333   48.3333
   39.5000   40.5000
         0         0
         0         0
         0         0
         0         0
Posiciones Frame=12
   32.6667   48.6667
   39.5000   40.5000
         0         0
         0         0
         0         0
         0         0
Posiciones Frame=13
   32.3333   49.3333
   39.5000   40.5000
         0         0
         0         0
         0         0
         0         0
Posiciones Frame=14
   31.3333   50.3333
   39.5000   40.5000
         0         0
         0         0
         0         0
         0         0
Posiciones Frame=15
   31.0000   51.0000
   39.5000   40.5000
         0         0
         0         0
         0         0
         0         0
Posiciones Frame=16
   30.3333   51.6667
   39.5000   40.5000
         0         0
         0         0
         0         0
         0         0
Posiciones Frame=17
   29.6667   52.6667
   39.5000   40.5000
         0         0
         0         0
         0         0
         0         0
Posiciones Frame=18
   28.6667   53.6667
   39.5000   40.5000
         0         0
         0         0
         0         0
         0         0
Posiciones Frame=19
   28.3333   54.3333
   39.5000   40.5000
         0         0
         0         0
         0         0
         0         0
Posiciones Frame=20
   27.6667   54.6667
   39.5000   40.5000
         0         0
         0         0
         0         0
         0         0
Posiciones Frame=21
   27.3333   55.3333
   39.5000   40.5000
         0         0
         0         0
         0         0
         0         0
Posiciones Frame=22
   26.3333   56.3333
   39.5000   40.5000
         0         0
         0         0
         0         0
         0         0
Posiciones Frame=23
   25.6667   56.6667
   39.5000   40.5000
         0         0
         0         0
         0         0
         0         0
Posiciones Frame=24
   25.3333   57.3333
   39.5000   40.5000
         0         0
         0         0
         0         0
         0         0
Posiciones Frame=25
   24.3333   58.3333
   39.5000   40.5000
         0         0
         0         0
         0         0
         0         0
Posiciones Frame=26
   23.6667   59.6667
   39.5000   40.5000
         0         0
         0         0
         0         0
         0         0
Posiciones Frame=27
   23.0000   60.0000
   39.5000   40.5000
         0         0
         0         0
         0         0
         0         0
Posiciones Frame=28
   22.6667   60.6667
   39.5000   40.5000
         0         0
         0         0
         0         0
         0         0
Posiciones Frame=29
   21.6667   61.6667
   39.5000   40.5000
         0         0
         0         0
         0         0
         0         0
Posiciones Frame=30
   21.3333   62.3333
   39.5000   40.5000
         0         0
         0         0
         0         0
         0         0
