Posiciones Frame=1
   39.5000   40.5000
         0         0
         0         0
         0         0
         0         0
         0         0

Posiciones Frame=2
   39.5000   40.5000
         0         0
         0         0
         0         0
         0         0
         0         0

Posiciones Frame=3
   39.5000   40.5000
         0         0
         0         0
         0         0
         0         0
         0         0

Posiciones Frame=4
   39.5000   40.5000
         0         0
         0         0
         0         0
         0         0
         0         0

Posiciones Frame=5
   39.5000   40.5000
         0         0
         0         0
         0         0
         0         0
         0         0

Posiciones Frame=6
   39.5000   40.5000
         0         0
         0         0
         0         0
         0         0
         0         0

Posiciones Frame=7
   38.0000   39.6667
   39.5000   40.5000
         0         0
         0         0
         0         0
         0         0

Posiciones Frame=8
   38.3333   39.6667
   39.5000   40.5000
         0         0
         0         0
         0         0
         0         0

Posiciones Frame=9
   37.6667   39.3333
   39.5000   40.5000
         0         0
         0         0
         0         0
         0         0

Posiciones Frame=10
   37.4000   38.6000
   39.5000   40.5000
         0         0
         0         0
         0         0
         0         0

Posiciones Frame=11
   37.7500   38.7500
   39.5000   40.5000
         0         0
         0         0
         0         0
         0         0

Posiciones Frame=12
   37.3333   38.0000
   39.5000   40.5000
         0         0
         0         0
         0         0
         0         0

Posiciones Frame=13
   35.0000   36.0000
   37.0000   38.0000
   39.5000   40.5000
         0         0
         0         0
         0         0

Posiciones Frame=14
   37.0000   37.0000
   37.0000   39.0000
   39.5000   40.5000
         0         0
         0         0
         0         0

Posiciones Frame=15
   34.0000   35.0000
   36.6667   37.1667
   39.5000   40.5000
         0         0
         0         0
         0         0

Posiciones Frame=16
   34.0000   35.0000
   36.5000   36.0000
   37.0000   39.0000
   39.5000   40.5000
         0         0
         0         0

Posiciones Frame=17
   36.0000   36.0000
   36.5000   39.0000
   39.5000   40.5000
   39.5000   40.5000
         0         0
         0         0

Posiciones Frame=18
   33.0000   33.0000
   36.0000   35.5000
   36.0000   38.5000
   39.5000   40.5000
         0         0
         0         0

Posiciones Frame=19
   33.0000   32.5000
   35.7500   35.0000
   36.0000   38.5000
   39.5000   40.5000
         0         0
         0         0

Posiciones Frame=20
   32.5000   32.0000
   35.5000   35.0000
   36.0000   38.5000
   39.5000   40.5000
         0         0
         0         0

Posiciones Frame=21
   32.0000   31.5000
   35.3333   34.5000
   35.5000   38.5000
   39.5000   40.5000
         0         0
         0         0

Posiciones Frame=22
   31.5000   31.0000
   34.8000   34.4000
   35.5000   38.5000
   39.5000   40.5000
         0         0
         0         0

Posiciones Frame=23
   31.0000   29.5000
   34.6667   33.5000
   35.3333   38.3333
   39.5000   40.5000
         0         0
         0         0

Posiciones Frame=24
   30.5000   29.5000
   34.5000   33.5000
   35.0000   38.0000
   39.5000   40.5000
         0         0
         0         0

Posiciones Frame=25
   30.3333   28.6667
   34.5000   33.0000
   35.0000   38.0000
   39.5000   40.5000
         0         0
         0         0

Posiciones Frame=26
   30.5000   28.5000
   34.3750   33.0000
   34.5000   38.0000
   39.5000   40.5000
         0         0
         0         0

Posiciones Frame=27
   29.7500   27.7500
   33.5714   32.2857
   34.6667   37.6667
   39.5000   40.5000
         0         0
         0         0

Posiciones Frame=28
   29.3333   27.3333
   33.5000   32.0000
   34.3333   37.3333
   39.5000   40.5000
         0         0
         0         0

Posiciones Frame=29
   28.5000   26.0000
   33.5556   31.7778
   34.0000   37.0000
   39.5000   40.5000
         0         0
         0         0

Posiciones Frame=30
   28.0000   25.0000
   33.3000   31.3000
   33.6667   37.6667
   39.5000   40.5000
         0         0
         0         0
