Posiciones Frame=1
   39.5000   40.5000
         0         0
         0         0
         0         0
         0         0
         0         0
Posiciones Frame=2
   39.5000   40.5000
         0         0
         0         0
         0         0
         0         0
         0         0
Posiciones Frame=3
   38.0000   40.5000
   39.5000   40.5000
         0         0
         0         0
         0         0
         0         0
Posiciones Frame=4
   37.3333   41.3333
   39.5000   40.5000
         0         0
         0         0
         0         0
         0         0
Posiciones Frame=5
   36.3333   41.3333
   39.5000   40.5000
         0         0
         0         0
         0         0
         0         0
Posiciones Frame=6
   35.3333   41.3333
   39.5000   40.5000
         0         0
         0         0
         0         0
         0         0
Posiciones Frame=7
   34.3333   41.3333
   39.5000   40.5000
         0         0
         0         0
         0         0
         0         0
Posiciones Frame=8
   33.6667   41.6667
   39.5000   40.5000
         0         0
         0         0
         0         0
         0         0
Posiciones Frame=9
   32.6667   41.6667
   39.5000   40.5000
         0         0
         0         0
         0         0
         0         0
Posiciones Frame=10
   31.6667   41.6667
   39.5000   40.5000
         0         0
         0         0
         0         0
         0         0
Posiciones Frame=11
   30.3333   42.3333
   39.5000   40.5000
         0         0
         0         0
         0         0
         0         0
Posiciones Frame=12
   29.3333   42.3333
   39.5000   40.5000
         0         0
         0         0
         0         0
         0         0
Posiciones Frame=13
   28.3333   42.3333
   39.5000   40.5000
         0         0
         0         0
         0         0
         0         0
Posiciones Frame=14
   27.6667   42.6667
   39.5000   40.5000
         0         0
         0         0
         0         0
         0         0
Posiciones Frame=15
   26.6667   42.6667
   39.5000   40.5000
         0         0
         0         0
         0         0
         0         0
Posiciones Frame=16
   25.6667   42.6667
   39.5000   40.5000
         0         0
         0         0
         0         0
         0         0
Posiciones Frame=17
   24.3333   43.3333
   39.5000   40.5000
         0         0
         0         0
         0         0
         0         0
Posiciones Frame=18
   23.3333   43.3333
   39.5000   40.5000
         0         0
         0         0
         0         0
         0         0
Posiciones Frame=19
   22.3333   43.3333
   39.5000   40.5000
         0         0
         0         0
         0         0
         0         0
Posiciones Frame=20
   21.6667   43.6667
   39.5000   40.5000
         0         0
         0         0
         0         0
         0         0
Posiciones Frame=21
   20.6667   43.6667
   39.5000   40.5000
         0         0
         0         0
         0         0
         0         0
Posiciones Frame=22
   19.6667   43.6667
   39.5000   40.5000
         0         0
         0         0
         0         0
         0         0
Posiciones Frame=23
   18.3333   44.3333
   39.5000   40.5000
         0         0
         0         0
         0         0
         0         0
Posiciones Frame=24
   17.3333   44.3333
   39.5000   40.5000
         0         0
         0         0
         0         0
         0         0
Posiciones Frame=25
   16.3333   44.3333
   39.5000   40.5000
         0         0
         0         0
         0         0
         0         0
Posiciones Frame=26
   15.6667   44.6667
   39.5000   40.5000
         0         0
         0         0
         0         0
         0         0
Posiciones Frame=27
   14.6667   44.6667
   39.5000   40.5000
         0         0
         0         0
         0         0
         0         0
Posiciones Frame=28
   13.6667   44.6667
   39.5000   40.5000
         0         0
         0         0
         0         0
         0         0
Posiciones Frame=29
   13.0000   45.0000
   39.5000   40.5000
         0         0
         0         0
         0         0
         0         0
Posiciones Frame=30
   12.0000   45.3333
   39.5000   40.5000
         0         0
         0         0
         0         0
         0         0
