Vector y Velocidad Frame=1
     0     0     0
     0     0     0
     0     0     0
     0     0     0
     0     0     0
     0     0     0
Vector y Velocidad Frame=2
     0     0     0
     0     0     0
     0     0     0
     0     0     0
     0     0     0
     0     0     0
Vector y Velocidad Frame=3
     0     0     0
     0     0     0
     0     0     0
     0     0     0
     0     0     0
     0     0     0
Vector y Velocidad Frame=4
     0     0     0
     0     0     0
     0     0     0
     0     0     0
     0     0     0
     0     0     0
Vector y Velocidad Frame=5
     0     0     0
     0     0     0
     0     0     0
     0     0     0
     0     0     0
     0     0     0
Vector y Velocidad Frame=6
     0     0     0
     0     0     0
     0     0     0
     0     0     0
     0     0     0
     0     0     0
Vector y Velocidad Frame=7
   -1.5000   -0.8333    1.7159
   39.5000   40.5000   56.5730
         0         0         0
         0         0         0
         0         0         0
         0         0         0
Vector y Velocidad Frame=8
    0.3333         0    0.3333
         0         0         0
         0         0         0
         0         0         0
         0         0         0
         0         0         0
Vector y Velocidad Frame=9
   -0.6667   -0.3333    0.7454
         0         0         0
         0         0         0
         0         0         0
         0         0         0
         0         0         0
Vector y Velocidad Frame=10
   -0.2667   -0.7333    0.7803
         0         0         0
         0         0         0
         0         0         0
         0         0         0
         0         0         0
Vector y Velocidad Frame=11
    0.3500    0.1500    0.3808
         0         0         0
         0         0         0
         0         0         0
         0         0         0
         0         0         0
Vector y Velocidad Frame=12
   -0.4167   -0.7500    0.8580
         0         0         0
         0         0         0
         0         0         0
         0         0         0
         0         0         0
Vector y Velocidad Frame=13
   -2.3333   -2.0000    3.0732
   -2.5000   -2.5000    3.5355
   39.5000   40.5000   56.5730
         0         0         0
         0         0         0
         0         0         0
Vector y Velocidad Frame=14
    2.0000    1.0000    2.2361
         0    1.0000    1.0000
         0         0         0
         0         0         0
         0         0         0
         0         0         0
Vector y Velocidad Frame=15
   -3.0000   -2.0000    3.6056
   -0.3333   -1.8333    1.8634
         0         0         0
         0         0         0
         0         0         0
         0         0         0
Vector y Velocidad Frame=16
         0         0         0
   -0.1667   -1.1667    1.1785
   -2.5000   -1.5000    2.9155
   39.5000   40.5000   56.5730
         0         0         0
         0         0         0
Vector y Velocidad Frame=17
    2.0000    1.0000    2.2361
         0    3.0000    3.0000
    2.5000    1.5000    2.9155
         0         0         0
         0         0         0
         0         0         0
Vector y Velocidad Frame=18
   -3.0000   -3.0000    4.2426
   -0.5000   -3.5000    3.5355
   -3.5000   -2.0000    4.0311
         0         0         0
         0         0         0
         0         0         0
Vector y Velocidad Frame=19
         0   -0.5000    0.5000
   -0.2500   -0.5000    0.5590
         0         0         0
         0         0         0
         0         0         0
         0         0         0
Vector y Velocidad Frame=20
   -0.5000   -0.5000    0.7071
   -0.2500         0    0.2500
         0         0         0
         0         0         0
         0         0         0
         0         0         0
Vector y Velocidad Frame=21
   -0.5000   -0.5000    0.7071
   -0.1667   -0.5000    0.5270
   -0.5000         0    0.5000
         0         0         0
         0         0         0
         0         0         0
Vector y Velocidad Frame=22
   -0.5000   -0.5000    0.7071
   -0.5333   -0.1000    0.5426
         0         0         0
         0         0         0
         0         0         0
         0         0         0
Vector y Velocidad Frame=23
   -0.5000   -1.5000    1.5811
   -0.1333   -0.9000    0.9098
   -0.1667   -0.1667    0.2357
         0         0         0
         0         0         0
         0         0         0
Vector y Velocidad Frame=24
   -0.5000         0    0.5000
   -0.1667         0    0.1667
   -0.3333   -0.3333    0.4714
         0         0         0
         0         0         0
         0         0         0
Vector y Velocidad Frame=25
   -0.1667   -0.8333    0.8498
         0   -0.5000    0.5000
         0         0         0
         0         0         0
         0         0         0
         0         0         0
Vector y Velocidad Frame=26
    0.1667   -0.1667    0.2357
   -0.1250         0    0.1250
   -0.5000         0    0.5000
         0         0         0
         0         0         0
         0         0         0
Vector y Velocidad Frame=27
   -0.7500   -0.7500    1.0607
   -0.8036   -0.7143    1.0751
    0.1667   -0.3333    0.3727
         0         0         0
         0         0         0
         0         0         0
Vector y Velocidad Frame=28
   -0.4167   -0.4167    0.5893
   -0.0714   -0.2857    0.2945
   -0.3333   -0.3333    0.4714
         0         0         0
         0         0         0
         0         0         0
Vector y Velocidad Frame=29
   -0.8333   -1.3333    1.5723
    0.0556   -0.2222    0.2291
   -0.3333   -0.3333    0.4714
         0         0         0
         0         0         0
         0         0         0
Vector y Velocidad Frame=30
   -0.5000   -1.0000    1.1180
   -0.2556   -0.4778    0.5418
   -0.3333    0.6667    0.7454
         0         0         0
         0         0         0
         0         0         0
